122

1111111111, 6111111111. 218,

- 111111111111111111. 192.

- Ι1111111111. 71.

Thomas 1116111111. 187, 211.

1111111311. 183. .

1111111, 0111. 111, 278, 289.

1111116111316. ·

- 8111111111. 106.

11111. 116, 161, 281.

111111, 81111111. 261.

11111. 16,18, 161.

Titus, 1. 1111111. 278.

11111. 88.

Tuledo, Don Pedro di. 17.

1111111111, 1111111. 6111111. 302, 303,
301, 306, 307, 310, 322.

1111111. 377. ,

1111111. 6, 312, 316, 367.

-611111111111Ι 6, 27, 171, 200,
201, 288.

- Herzog 11111111 1. 186, 226, 216,
266, 270, 280.

11111. 167.

- 6111111111. 319, 367, 372.

11111111. 266.
1111111111111111111, 111111. 1.,11. 61-
1111111188. .
- 1111111111111. 1111111111,
186, 187, 193, 209, 212, 217, 219,
227, 239, 213, 211, 263, 263, 268,
279, 280, 286, 287, 291, 296, 308„
316, 318, 319, 321, 102.

1111111111, 61111. 19, 21.

- 11111111 Franz, 6111 1. 101.

1111111, 61116111. 109, 200.

- 61111111 1. 281.

- 811111111260.

11111. 303, 399.

- 1116111111 und Kurfr‘irst 1. 8, 11,

131, 160, 173181, 196, 276, 282,
308, 310.
111111 (und 1111111111). 161,166, 209,
211, 269, 261, 266, 267.
11111111 Hieronymus, 1111111111. 39.
- 1111111111111111111111111111111111.

216.

· ⁴ 1111111, 11111111. 11111111. 311.

1111111111 von waldburg, Gebhard,
Erzb. 1111 0611. 8.

11111111, 11 11, 1111111. (1111111111.
303, 301, 310, 316, 319.

111111111111111. 111, 111, 111.

111111. 361.

1111111 und 11111111. 1, 2, 11, 17, 26,
111111111
11111111, 111, 111, 111, 111,
202, 111111, 218, 1111111111,
1111111111, 221, 111, 288, 212,
818.

11.

1111111211.

1111111111. Ludwig, 11111111111111111111.
11121.

1118111123, 16, 17, 26, 30, 87, 106,
106, 107, 111, 166, 163, 203, 209,
218, 278, 398, 101.

- 311116111111. 262.

- 1111111311. 202, 287,
11111111111111111111111111. 12, 13. ’
111611 1111, Papst. 170. 216, 297, 288.
1111111128.

1111111111. 28, 29, 30, 31, 36, 39, 11, 13,
11, 19, 60, 61, 62, 63, 61, 66, 66,
68, 60, 61, 62, 61. 66, 66, 67, 69,
77, 80, 93, 121, 172, 206, 207,
208, 268.

1111111111, 11111111. 311.

- 81111318.

V.

11111111,1111111111111. 261.

Val 11 Ρ1111111. 122.

11111111.111. .

1111111, 1111111111. 11, 18, 81.

- Giov. 111111, bei 111 venet.
6111111111 176.

- 611111.176.

 

