 

Eggenborg 1111. 1111111, 11111111, 11111.
61111111111111111. 211, 286.

ἰ mm

{mmmmmmmm

339, 372, 396.
11111, 111111. Nuntius in Deutsehland.
105.

11111111, (111111111111111111111 111111-
111 in 1111111111. 375, 380.

¹ Enghion, Herzog v. 306, 322.
J anevort (Hugholfurt), Adrion 1., 11.

6111111. 186.

o &mmmmm

- Ho'nig. 1. 10, 25, 110, 1111169,
222, 276.
Eoos, 111111. 371.
Epornon, 111111 von. 221.
Ernst, Hrzhorzog. 22.
Este, 01111 von (Herzog v. Modera). 0.

’ - 1111111. 123.

- 11111111111111. 220.

¹ 1111111111111111111, Palatio 111 Un-

gorn. 211.

11.

111111, 8111111111 111 0111. 1111111111.
353.

1111111111. 106.

11111111111, 6111 v., Gesondter 111
Collegium 111 [11111111111111111111.
306, 322.

11111111. 39.

{ferdinand H. (1111111111).12, 16, 22,
23. 29. (Honig von Ungoro und
86111111). 37, 38, 17, 18. (rom.
Honig) 69, 70. (Kaisar) 102115,
179. 251, 287, 289, 391, 100.

- 111. 1111111. 188, 189, 277, 287,
385, 386, 389.

wfflmmfflmmr

199.
- Ernst, Erzh. v. 0111111111. 152.

1 - Grosrherzog von 71111111. 27.

Herio, Graf v., 111 111 11111111·
1111111. 187.

m

Herlotioh (Uskokr). 60, 66, 67, 69, 70,
73, 75, 76, 79, 80, 81.
1111111. 123, 310.
- 11111111, Herzog v. 6.
111111 (1111111111). 106.
1111111111. 221.
111111111111111111111. 21.
1111111. 16, 39, 10, 13, 58, 59, 60, 61,
63, 61, 68, 69, 72, 73, 81, 151, 259.
11111111 (11. 81111111 1.). 2, 12, 13.
102, 108, 166, 198, 312, 351, 353,
351, 358, 377, 390, 391, 399.
- 1111111111 v. 2.
Florenz. 171, 218, 396.
·- 61111111113127, 118.
- 1111111 v. 81111Τ1111111, Herzog
1111111111. ·
111311111111111 1111111111. 88.
1131111111 Siobenbr'irgon. 88.
Fortuna, 11111111111,1ρ111111111 Go-
1111111187.
1111111111 1111131. 381.
Frangipani 1111111111, 01111. 269.
1111111111. 111, 306, 322.
- 1111111111 111. 301, 3011321.
111111111111111111111111). 123, 130,
131, 133, 131, 139, 110,112,113,
162, 167, 182. 196, 197, 201, 203,
206, 218, 219, 221, 226, 230, 216,
273, 271, 286, 293, 291, 295, 298,
299, 300, 302, 303, 301, 308, 313,
315, 316, 317, 318, 319, 320, 391,
395.
- Honig von. 12, 13, 21, 37,116,
180, 181, 227, 273.
- [1111111111313.

1111111.. Ho'nig von 1111111111. 302.
- Moero, Herzog 1111 81111111. 188,
270. ’

1111111. 36, 17, 63, 77, 125. 210.
11111111 Hrieg. 172.

1111111111, Herzog 1111. 105.
11111111, 6111111111. 297, 351, 360.
111111111311, 111111. 380·
Fugger Harquort‚ Graf v. 3971
Fiirstenborg, 01111. 167.

 

