mvn

39119
ἐ 11139191 1111911, 11939191 319 391191113993 39119119191199391111111113 . 301
Ι 11111919 39111119111919919191911 ................ 301
l Gn'nnde dee Keisers 1191 391 11119119 39111111311199111111919111139 91911
zu widersetnen3 11991191199113 1119 319191199 199 399 1111191119199 dn·
191111191993911 werden 1911199 ............... 3011 ’
1119939111 391 1911911091 .................... 307
(1111939 der langen 19113391993 39119113191199191191113193 ..... 307
19139191399 391111119119199, 39181191919113 1111919199 ...... 308
¹ 39911 1199119 1911 191191193999919119111399 1139111911 ....... 309
191139191119 1111113191199 3911199131119199 (1911193199 ....... 303
19111193993 391 191191199399 191391993911 nn 1139119111119199 399 Ge·
1193199 199 1119111919111113 199 89119399 ........... 310
1193911139 391 191191119199 191 1111191193 39199 191399 ....... 310
[1911911193119119 (19199319, Sohn des 1119119110199111191 ....... 310
119991 3919911111 391 1911993199399 durch den 3193 391 11911931 199
1111919 111191 ’11119999 .................... 311
191391119111 1911911113 91991 11139991999111399111111119391 ...... 311
11111191 39111911931991919191191399911 ............. 311
31911919191133911919191199191191113911191 1119399191811111911. . . 312
1191 1. (1919931911391191111191 3911 1191111999 391313991399199 1111199111 313
09119391 1111913 391191911111993, welche 391 congress dem 1191193 199
3193991199393911191 lesse. 193 desselben ........... 313
1111111911 391119191191191113199 199 Spenien (Pennernnda) 99319911191·
19191 (1191193 19919931911119) ................ 313
8911991191 1111913 1191 119199311911111 199319111131. 1119 1191 1191191 911111
1193919199 were, 1199991 191111 auf 91399911911399 1119399
ζ 3919119119911119 ..................... 311
n Longueville's 3119111391 1191113111 11391191· ............. 311
1191911 1913131191993 iiber 1111399119119399111939. 19931911119111111·
91911319311191191913993391911199111991939111391993998199 . 315
1111191 319 11919911 39111911111199 und die 191 1191913993911119111919
111113199311113 3910993191119 91999191911113191119113911. . . . 311
1119111193 391191119111193 39119191111391 19 1191811319 ....... 3111
89311111139911111111193 39189119399 993 8991199 ......... 310
ὃ1119191ῖ11131911191111119339119933111919911911991931939191. . . . 313
1911911 391 11111911 9111 die 1911911339 3111119999, 119191 1911911111 391
1111Ιί31193 39191 319 8111939 .................. 316
8911911191131911 der 1199119199 .................. 311
1911111111 0991111911 311 1191111111 19 91191 113119 3911919399 ...... 311
199 399 einzelnen 1119999 1919131991119119391 9931111191199119111931 317
19911911 319191191391119399 39399 319199 11999 191391199191913111111-
J nosigkeit . . ·. ...................... 311
1 1191 11911931 199 311919 1111111911911 fiir die 111919199 993 (1111939 119111 318
1199911999 Τ1911119999139111 9191 191991311111911 .......... 318

 

