1111111111 1111111. 71.
111111. 218, 298.

1111111111, 0111 v. 107, 108, 110, 118,

230.

“ 11111110119, 120, 130, 131, 132,

112, 115, 200, 207, 288, 389, 395,
390.

- 0111111111. 132117.

-1111111111.28,118, 110, 135,
130, 138, 171, 373.

- 011113011111111111, 0110111111. 218.

’ 11111111. 11, 54, 55, 85.

1111111111ῑί 205.
111111, 1711111111. 88.

ῑ 11111111. 205.

111111, 1111111111. 399.
11111, 1111. 221.

, 1111111111. 17, 10, 03.
ἑ S. 1111111, 1111111111 di (bei 11111111.

11111111). 187.
1111111111, 0111011111. 71.
111111111111111. 100.
- Maxim. 1111111111, 01111. 102.

,’ 11111111 111111111111 1., k. 0111111.

180, 377.

11111111, 1111111. 1, 2, 3, 10, 20, 21, 22,

21, 105, 100, 121, 280, 287.
- v. 1111111. 180, 225, 210, 250,
270, 280.

’ 1111111111 3111111111. (8111 11.

 

1111111). 15, 10,22,101, 105.
—- 81111111311111111111. 111111, 11,).
10, 23151.

- Herzog 111 3111111 (1. 1111111,
Herzog von -).

11111111, 0111111111. 300, 311, 313, 338,
312, 313, 350, 332, 353, 355, 350,
375, 370, 370, 382.

Medici. 201.

11111111 111 Ι111111, 01111. 300.

Meggau, 1111111111 01111111 1., k·
0111111111111111. 10, 21.

11111111 0111111, 01111 1111 Tartarei. 02.

111111 1111111, 11οο1111111 1111 [111111-

sehon 1111111111111111. 011111111-
111. 91.

117

111111111113. 281.

- Herzoge v. 118, 281, 371.
1111111111, 0111111. 371.

111111. 370.

11111. 21, 107, 310, 357, 372.

11111111111111111 ((111 11111111). 231.

1111111111, 1111111111. 380.

Mindon, 01111111. 372, 371.

111111 Ρ111. 87, 100.

1111111111. 0, 172, 288, 300.

- Herzog 1. 28, 119, 383.
11111111111111111111,1111011111. 187.
1111111, Baton Ludwig v. 00.

11111111. 80, 00, 95.

- 1111111. 90.

1111111111, 111111, 0111111111 111
011111. 302,

1111111111, 011 in der 11111111, 90.

1111111111. 0, 118, 119, 120, 130, 373,
393.

1111101111. 301.

111111, 011111. 302.

11111111, 1111111 von. 113.

111111111. 300.

11111111111. 36, 79, 200.

111111111111. 00, 71, 78.

1111111111111111111 an 1111. 320.

1111111105. c

11111111111. 170, 230, 393.

1111111111. 310, 372.

1111311203201. .

1111111111. 291, 295, 297, 298, 299, 300,
301, 301, 310, 311, 315, 310, 350,
332, 307, 370, 371, 390, 395.

- 0113111111. 203, 291, 303, 301,

300.
111111, 811111. 232.

Ν.

111111. 317, 308.
11111, 11111. 0111111111. 1, 202, 303,
308100. ’
11111111 0111111113 1111. 111111. 1. 295.
27

 

