 

ss 9611111111.91011111011111113111. 83

 

9111111192, 96, 219.

- 816116 1. 267. 287.
9111010111111111111111111 11111. 212.
9111110. 66.

- 11111 v. 266.

ἑ 91111100, 8060 (1190111011. 11116111, 91.
1 91111. 100, 110, 111, 116, 201, 222.

393.

- 11111111-319.

- 0611-319.

1 911111111.3,8,12, 11, 16, 110, 111,
116, 163, 169, 272, 276, 276, 286,
= 311, 318, 319.

, 91111, 1011111111. der. 222.

. - Ν1116111ς,11’011ς1113911161111119.
910111. 26, 221.

1 Philipp 11, 1131111 101 81111101. 2, 21.

- wilhelm, Psalzgraf von Neuburg.
212. x ’
Philippsburg. 306, 317, 320, 322, 972.
9111111 liudolf u. pompejus, 6161111,
2 Viearien 1111111111. 122.

, 91111 claudius. 262.
- 1111263.

' 911101011110111110, k. Feldmarschass.

186, 187, 221, 226, 270100.
9111110111. 361.
91111010. 319, 339, 372.
9101161110. 21, 312, 313, 316, 317, 366.
91111111. 368.

- 91111, 6011111111 von 11111111. 13.
- 911110,01111111-00111111111111.81
- 111111.111111111.190.
9111111161.

Pius 1., 91111. 6.

96. 383.

906110. 111,118, 162, 172, 203, 230,

231, 233, 276, 393.

-116113 von. 26, 118, 161, 182,
201, 223, 227, 228, 229, 231, 270,
272, 276, 286, 286.

- 111111ςί11 1011. 270.

9061111161611101. 167.

901111111. 118, 182. 183, 281, 317, 371

Pompei (1111106. 9101, majordomus
1111111111. 1101116111. 211.

119

9010011110, arn 96. 383.
90011111. 210.

90111161. 260.

9111111106, 61106111611. 21.

901111, 0111111. 18.

901111 0111106. 9111111110, 11111. Ge-

1111111111 Venedig. 397 98.
- 911161111126.
90110311110. 210.
901101011011. 316, 366.
90111311, 1111111111 1. 339, 367, 368.
- 1161111101. 101. ’
90110, 11111, Antonio, 31110111 der
1111. 1101116111. 31.
9111. 2,18, 109, 280, 283, 281, 310,
371,398.
911311 91111111. 223, 276, 310.
- 81611161. 283.
9111111811111111 christoph. 167.
- 6111111111011111 1111111111. 186.
9111011101. 69, 60, 81.
9111161113. 88, 108, 291.
91111611311 61111111. 2.
91111101. 168.
911111, 11161, Hert 101 1111611ρί111,
1111161. 61111011111111111. 116.

’ 9111111 1111101. 38.

- 9111111110, venet. 3011161611
am 11111. 6011. 33.
91011111. 361, 362. ,

. 911011111111. 106. 11116, F 1116. v.

Goldegg. 260, 261, 263, 391, 102.

2 9016611111, 0111106. 1611101101.

Q.

0111111111. 130, 136, 136, 117, 373.
- Herzog v. 112.
01111111, 1111101110. 362.

Raab (Giavarin). 17, 166, 219, 267.
11161111 1111101 6111 1., 611. 6111111111
in Venedig. 171, 210, 217, 227,
262, 268, 202.
27*

 

