111 ’1111111111 (111 1111111). 122.
Veglia. 38, 39,10, 51, 62, 63, 61, 66.
1111111. 121, 122, 123.
1111111111 61111111, 81111111 111
11111. 811111111. 10, 85.
1111111101111111111111. 80121. “
- 11111. 1111111111. 283.
1111111. 200.
1111111. 167, 319.
- 81111111. 358, 372.
- 811111 11. 339.
vercelli. 357.
1111111125.
verva, Graf, aaroy'aohor General. 362.
Verrius, Verlrag 111. 308.
1111111111, 1. 1111111278.
11111111 Joh. Ferri. 106.
11111111. 125, 151, 381.
11111, venet. 81111111 137, 177.
- 11. 1111111131, 8111111111111111.
8111111111. 177.
’111111 111, 111,

’ 11111111 0111111, Senator, apanisoher

Regimenlsralh. 111.
11111111111111111111, 81181111 di

Toledo. 17.

11111111. 61, 67.

111111111111111 111. 379.

1111111112 (11111111), 1111110111111.
187.

1111111111. 296, 316.

W.

1111111, 8111111 111., 8111111111111-
1111111111. 186.

1111111 (Vatia), 1111111111 11113111.
150.

“ 111111111189, 9095.
- 1111111111 111. 91.
Waldhorg, Gebhard, Τ111111111, 81111.
111 coln. 8.

11111111111. 320.

123

1111111111 (111111111111). 116, 1181
119, 150, 115, 198, 281.
- 111111111.,81111.101.
- Grai 1.,01111111111111111111 111
1111111111 1111111. 191.
1111111111, General-Vorpllegseom·
1111111. 180. ,
11111111(111111111118111111. 186.
11111111, 81111, (11111111811111311
, Ungern. 156.
1111111111. 273.

. 7111111222.

- 81111111, llarzog v. 161, 275.
- 111111111281.
1111111, 1. 0111111111.
1111111, 81111111. 317, 373.
0111111111 (111111), Grai 1. 117,
119, 159, 261, 287.
0111111111.1.,811111111111111111111111.
186.
1111111103.
Wealphalon. 225, 293.
01111191.
11111111, 81111 1. 212, 291.
Wien. 2, 278, 289, 291, 310.
- 8111111 1., s. 11111 9111111111.
- 7111111111.
Wiener handlag. 2.
Wigllenovioh. 80.
1111111111 1., Herzog 111 811111. 9.
Wismar, 8111111181111. 317, 371.
9811111111,Κό113111 Pohlen. 229,
231.
WoligangWilholm 1. Piala Nouburg. 9.
wolin, 11111. 371.
Worms, Friode 11. 260.
11111111, 111111111111 (1111111. 371.
Whrlemharg, Herzog 1. 12, 212, 372.
Whrzhurg. 183.

zoppola, 811 Lopoz. 297.
1111111. 39, 10, 11, 12, 11,17,19, 53.

 

