(1.

1111111111 Franz, 81111111 1111 span.
6111111111111. 382.

611111. 141,112, 143, 166, 186, 198.
226, 226, 211, 270, 308, 304, 306,
307, 321.

61111111. 263.

61111,11111111111(111111). 316.

6111111111 (811111-) nath. 18.

61111. 28, 172, 288, 361, 883, 896.

Georgenberg (111111 1111111). 106.

81 61111111. 382,

6111111, 11111111 1111. 82.

- 1111111111 92.

61111111, 811111 Raab.

6111111, cardinal-Legat. 283, 297.

6111111111 8111111111111111111111. 263.

61111111 Julius, Cogitor der 11111.
3111111111. 216.

61111111. 266.

61111111111, Ρ11111111ο11. 74.

-61111111111,11111. 6111111111 11
11111111. 36, 38.

- (6111311), 11111111111111 111
111111. 33, 67, 74, 78.

- (61111111), 11111. 6111111111 111
8111111. 222.

61111111111 (6111111111) 11111. 811-
111111111· 1111111111. 266.

611111, 11111111 111, k. 6111111 1111111-
6111111. 186.

611311, 81111. 374.

6111, 6111111. 232.

6111111111, 3111111, 111111Ρ1111111111111.

6111, k. 6111111. 226.

61111131, [1111116111 v. 129.

- 1. 11111111, 11111. 291.

- 1111111111, 11. 6111111. 186, 226,
216, 402.

- 11111111 8111811111, 1111111111, 61-
1111111111 Mantua. 211.

- 1111111111 11111 1., 11. 6111111.
186.

6111(111161”11111). 161, 166, 268, 269.

6111, 6111 1111111111. 186, 226

611111 (1), 61. v. 403.

61111111. 266.

61111111, 1111111111. 311.

611111,111111111111., 11. 6111111 1111
1111111111. 186.

61111111, 1111111, 9111111111111111111.
89, 90, 96, 86.

61111. 78, 181, 211, 266, 267.

6111111 1111111111 1. 1111111111. 268, 269,
263, 267.

61116611111. 28, 122, 123, 136, 169.

61111111. 7.

- XV. 216.

61111111 61111111, 11111. 8111111611.
216, 213, 217, 236, 237.

611111. 238.

- Peter, 11111. 3111111611 11111111.
120,121,218.

6111111111, 6111 1., 11. 61111111 der
1111111111. 186.

. 61111111 1111111111, 811111111111811. 84.

611111 Adelph, K6nig v. 8111111111.
142, 113, 163, 317.

8113. 298, 299, 300, 338, 340, 313,
344, 316, 349, 371.

Η1111111111111, 81111111. 874.

1111111111. 168, 293, 296, 800, 306, 321 .

1111111111111. 163, 303.

111111111. 816.

11111111, 6111 1111111. 1., 811111111111111-
1116111111111111111111111ῶ1. 38,
13, 16, 17, 18, 19, 61, 62, 64, 66,
66, 67, 68, 69, 60, 61, 62, 63, 61,
66, 66, 67, 70, 72, 73, 74, 76, 76,
77, 78, 80, 81, 117, 126.

- 6111 Ernst, 611111111 1. 1111111111.
111 Prag. 247, 286, 400.
- 816111161111116111.48.

11111111 11111111. 368.

1111111, 311111 1. 806, 311, 322 ’

81111111, 6111, 1. 111111111111111. 186,
226.

 

