118

1100000810000, 1011000 (junior) v. (hai
(1010000111010110). 111, 187.
- 110111111011. 163.

Navarra Angustia, 0000001001110011111-

80010111. 382.
1100001. 263.
Negti 1100001. 381.
110310011011. 00100111. 10 11111101. 26.
11000011, 1101103010ιο. 201.

110111, Manchane, 0010011101 10οΜ00100.
337.

Neuburg. 110.
- Herzog v. 10, 12, 211, 270.

- Philipp wilhelm Plalzgral. 212.
1101100101. 106.

Νο0010111, 81011010. 130.
Navata, Herzog 100. 130.
1110011011 Simon. 96.
11ἰο1010001. 370.
111010110οᾱ0. 2, 339, 391.

“ 11011οψ1011. 319.

110110111οί0, 0101101100. 371.
11311111ος00, 8011100111 hei. 223.
Nostin Joh. Hartwig. 102,
10101010. 361.

Novi. 37, 01, 120.

1111011013. 98, 306, 322.
111110ὴο1301 congress. 373.

0110101011. 319.

0101, Pascha v. 89, 218, 220, 228,
232, 233, 231.

03110383.
030010, 01011, span. 0000011101. 117,
183, 108, 210, 282, 288. 300.
010010016111 v. (1101111010). 299,
311, 367.

- 11101 wilhelm. 1. 313.

0110000, Herzog 1. 311.’

0000311011. 201, 206, 300, 301, 312,
310, 371.

- congress von. 203, 201, 306.

- 0100110110οη 0011810010οι. 306,

307, 311, 313, 371.

011000, 11011. 1.,11001. v. 1100001. 17.

0111101)οο Marco, 10001. 0000011101.
33, 83.

- 110100 Antonio, 1100000 thn. 83.
011000011011001101101111010. 110.

0100100100, 10111011001101 11001101.
319, 371.

--11101, 1011010001, Sohn des

, 110011010. 310.

Ρ.

101111. 3, 7, 23, 21, 116, 119, 170, 101,
193, 196, 200, 206, 218, 227, 228,
233, 282, 283, 283, 310.

101011000010, 11010010, 10001. 80010·
131. 31, 121, 126.

Padiglia 0011, spanisehen 00101101.
383.

101100. 292.

Pago. 66.

1010110 100 Uagam. 237,

10110110100, 1101011000. 201.

101010, 10110οςἰο italien. 172.

10010 1011000. 290.

10000011οἰ0, k. 0000101. 163.

1001, 80100 1., 11011. 00111100011001-
0101. 263.

’ 1010001101, 0001110. 32.

Paria. 332, 377. ‚
Parma. 172, 288.
—- Herzog 100. 6, 28, 119, 112.
- 110110311010396.
101100108.
101, 01001000010011100 1101Ιο011. 310.
1011000, cardinal. 116.
1000100110, 0101 1., 1000801101101101
10 01101101. 297, 309, 312, 313,
338, 339. 312, 311. 319, 330, 332,

333, 331, 333, 336, 338, 360, 370, ¹

371, 382.
1001 Christian, Grai, 110. 0010011101 10
wien. 217.

1010100 0101, coadjutor 1101 1101 10001.
8011011011. 83.

 

