 

Register.

A.

111111. 360.
1111111, 811111. 287.
Adrianopei. 232.
nix. 378.

1 1111, 11111131. 109.

Alba 11111 (0111111111 in 811111-
bingen). 232.

1 111111, 1111111113. 2. 3,10, 16,16, 22,

¹ 101, 106.

Alieni Franeeseo. 177.

Aidringer. 117, 166198.

11111111, 1111111111. 216.

111116, Herzog 111. S. Piceolomini.

Ambrosio, 81111. 361.

1111111111. 313, 316, 361.

1111111, 811111. 287.

1 111111011111269.

Angouleme, Herzog v. 116.

111111, 111111. 12, 161, 270.

Anna, Kaiserin. 22.

Anspaeh, Markgnaf 1, 12, 97, 98.

1111111111, 118181111111111. 169.

11111 1111111111, 8111111 111 wien, 111
111 Kremsiniinsten. 168, 119, 217.

Antonino. 120.

Antwerpen. 313.

Aquileia (Patrinreh und Patriarchat).
172, 261, 262.

1111.. 66.

Arnim, sichsisehen Genenai. 270.

, 1111311111, Kinige v. 101.

11111111. ³, 0.
1111111111 Frankreieh. 338.
Asehier. 268.
Auensperg Joh. Weiknnd‚ 6111. 296.
11111. 398, 101.
Augsburg. 98, 99, 260.
- Waffenstilisinnd. v. 260.
August, Ffinst 1. 111111, 181.
- Herzog v. Saehsen. 371.
11111, 01111.,11111. 1111111111. 139,
297, 298, 300, 301, 308, 309, 312,
310, 319, 360, 368, 369, 371, 377.

Babylonien, Unternehinung gegen -.
267.

811111, 8111111111. 1. 1111111111. 366.

811111 11 (istem-eici. 270.

- 1111111111 von. 10, 161, 372.

813Ιὶ111, 111111. Nuntius. 328, 229,
211, 261, 273, 286.

Bngni, 1111111111611366, 282.
811111. 10, 110, 111, 111, 180, 222,
276, 318, 319, 320, 398, 399.

- 111113111913, 11, 98, 99, 113,
114, 131,160, 161, 161, 181,
283, 306, 311, 316, 318, 322, 371.

Balbi, 1111111111. 383.

Ballanzpn, spaniseher 0111111. 187.

81911111, venet. 1111111111 in Wien.
213, 213, 262, 263, 269, 273,
291.

 

