116

11111111101-0011031111. 311, 312, 322.
- 3011010110. 3, 3116.

- 1101010110. 8.

11111 8011. 813111, 01111. 101.

L.

111111 8101011100. 362.

1111111011. 38, 39, 69.

bamberg, 01111011. 1101,110101111101-
11111296.

11111101, 1. 0010111. 186, 221, 226.

1111011111Ρ1101. 116.

10111111.17,106, 106, 107, 113, 166.

1010111110. 60.

Leipzig, 81111011131011. 161.

1011, 81111. 380.

1001 (bione), 0111111101 101 81111-
101011. 130, 132, 133, 131, 136, 138,
139, 110111, 112113, 167, 369.

1001011, 1811110 K. Ferd. 11. 191, 193.

10011011, 811101103161101101011, 811-
1111011011. 8111116113. 16, 23, 99.
121, 163, 396, 398.

1001101111, 8111101103 (301111 81111.
10011011 101 81101). 199.

10011011 wilhelm, 8111101103 169, 163·
166,186,102, 193191, 280, 282,
309.

- 131111, 8111101103. 397, 399. ’

1001011110111110111. 309.

101111. 312, 313, 316.

101111, Herzog v. 20.

10111101810111111, 0131. 0101101101· am
1111. 8010. 26.

1011101111, stadt. 186, 281.

110110111011, 8111110011 1. 111.

- 811111 0111110101 1., 3011. Rath.
187.

1130, 1111101. 10, 13.

11310, 811111 1. 380. ’

1111. 2, 306, 322.

- 81111110111111111. 306.

1111011111113. 2.

11111101 00013, 81101011.81111,113111·

seber 11011101. 269.
1111111. 231.

1110110, 81011. 367.

Longane. 312, 313, 317.

1013101010, Heinrich v. 0110111, 1101-
1031. 206, 312, 313, 316, 316, 316,
319, 360, 368, 369, 377.

10101110 1010110, 01100100-00111111-
1011. 81.

1011111301. 167,170,197, 222, 320,
339, 317, 367, 369, 372.

- (Cari), Herzog 1. 223, 226, 270,
360, 367, 368, 372.

- 1111011111 Franz, Herzog v., 011·- .

111101. 216, 372.
- 1101103111. 130.
11111001, stadt. 183.
11001, 1101110Ιί1. 172, 393.

1110110110, 000101. 10, 11, 11, 60, 61, ¹

62, 68, 69, 72, 73.

111111, 811011οε0 10, 1101111101 Sa·
voyens. 396.

1111011113. 226, 371.

1111101101, 110 -. 282.

1110116113. 330.

11111110. 373.

hyon. 360, 361, 366.

811111, 811010 zu. 172, 260.
1111113111, 80101110101. 21.
8111111, 0111 8110111οΙ 1., 81101101 101
811011. 190.
—- 81111. 200.
1113101113, 8111111111. 371.
1113111, 9110180101101, 8111111101. 182.
1110011101. 17,106,106, 107,111, 166,
303101.
11011111. 6121, 112, 220.
- 11011030 101. 102.
-— 00110111. 312.
11111. 111.
Μ1111. 111, 306, 322, 393, 399.
- 8110110101 1. 1111111111 101. 8, 14,
160, 180, 182, 183, 282, 301.
1111111100οο. 361.

1

1

 

