3110

113113. 83 113 3333 quasi a 313113 1333313333 33313331 3311333331333
13113111133111313 di 1131131333, 1133313, 3113 13 Republica sarcbhc benc
333 3133131111131333131313 33133113311 11313133311313111331, 33313313
1113133333113, 333111331133 131 113113133313, 3331333 33’311 11311331.

Ministro 3113313311331133 3331 a dirmi 333313 13131311 parole:
(1113311113 W. Serffi„ ma 131331133 13 corroboratione di 331113)
833 Maesta 13313, 313 13 Republica 333 313311 Ambasciatora
Ratishona 3 1133, 313 13 313113 1333, 3133313333 13133331113, 3113
333 31 13333 31313 113133313131 Veneto 311311131311Μ333131, 31313

, Casa d'Austria, 3 questa di Germania 3311133131133313 333133313113

11333111113311 3133131131] 13 quoi 11311313; 81313 13133 a dire, 133333
13 1133311133 313113 311333 13113 131 3333311131113, 31 13 11333111333 3333
1313311 333 3333 31333331333 3113 3333 333113. (1131333 3131311333-
11133 333 11 1333131313,331313333331; 31313 333313 13331133 3313131
1333, 331313 33333333, 3 333 13333 333331333 11 13131 13113313. 03111
313313111333313, 313113333113133131313 13113 Republica 11 13333 13
111313 33313, 3313133313 sopra molto 31113 313313, 331113 31 chiama
333133313, 31 quasi 1331311313; 3331313 33113333131 3333131113113313
311133113313 8311133, 313 33133 a Sua Maest'a 13333 33 3313113, 3111
3333333113 particolar industria 11333131331 3 1311111131 3331131313.
Gran parte di questa poco 1333133313 113313331333 11 833 Maesta uerso
13 Republica si 1333 311111311 amali offitij 13 Μ1313111 833333311, 13111
33131331 331311, 3 ch' 311333331331 3333 31 1111333333.

Li 833333311 ne'primi 3331 131113133113 11 3333111333131313
1311313 3133 31313131313, 3 3311331133 11 8331133311, 3 3318333133,
331 33331 13 311133 1333113 118331133311 31313 3313113 131 Ro di
Spagna3 311133313 103331 ha 13331313 qui 33 133131313 131 333
31311313313 33133 13 Republica, 313 1313 13113313. Gli 31111 Amba-
sciatori poi 113333 33111113 11 quando in quando, 1133311133131 Casta·
33313, 3 Τ31133333. 83333331133131133 qui in Germania 13113 3331
331333 333113 V‘³. Seri, 3131333333333311313 Spagna, 3 133 33133

11333131331, 313 13 113313311333 33113 coda. Non 13331311313833-
333311 13 Germania 13313 3131113, 331313 13 Germania 1 33 Paesc,
3133313 3333 3313311311 qual si sij foresticro: ma 11833333311 331
3333 311311111, 33 1331131313 1133 331133333313 3331333313, 33133 ho
13113, 3 3331131313333 33131333 13113 Casa 3 333 1 3133311 131 333333,
3333 1 1331313311 31311 1131311, 3 8333311313 in Germania, 31 1113111333
13 1133113, 3 33311 matrimonij, 3 finalmente con 13 33313313 11

 

