Fu. 30.

382

1101100100 001 0011101οἰ 10 00001 10111011, 0100011011οο 10110
01001010 si 00111 111101, 0 11 11 1 81. Germano.

Μ1 100101101001010 11 Ρο110110110, 00100110 10011101101 1 101101. ³

111101101101010111000110111 11010 0 0011100, 0101100 101100010,
01 11 00011100 10110 Corte 1100100, 1010 000 01111110 1 11110101 01
stringens, et 1010 000110010οἰ 10 010 1100100100 11 110010.

1

81010 egli 0110110 011· 10010110, 01 0011011οἰ11 101101011010, 101 ³

0000010, 01’ 0110 0001 11001010 001 01100110, 011 010 1010 000
0000101ἰο 1010100110, 0001011 11111000 00 qualche 0000 0101011010
000101000000, 01100 11111010 010010, 0 0000000110 quante 10000 011010
101Ρο00, 0’ 100000 10110 000111 1111000110 0111111010 10110 11101010,

001010 11 Francia 1011000010000, 00110 10110110111010101011001

1100100110 11 essere 0001110 0110 Νο111111 10’ Patrieij.

8011010110 000 010110110 110 110001 egli 0011 0011100 00110010 1

· 1000100, 100110 011110010 11 000011010101010010000100 prudente,

11101100, 010 0101011010 01111 011011010 011 0000100000 00001111, 1
gli 01000100οη0 0010101.

Perta 0000 0011110 uubi nou 00001100 001010, 010000000 11110110-
1011, 0000111οἰ 010 011800000011 assei 0011100000 001101011010010
1011000001, 0 010 questi 011110011100011100010000011001110110.

111 001111010 000 0100000, 1110 00110111οἰ01ιο 10110 0000, 1110
0000000100 101 1000110. 1101101 00110010 01 Nuntio Bagai, 010 00
Ρ1010100101110000 0011010 0010000 0010110, potrebbe 010111110110
0000, 01001010 0010000010110 1011011100 101010 1301100011 00100000
011 100111100101100101110101.

1111000010 11 0011001110010010 1110110, 01 001111οΙ0 01 1111100
101 11000 0 1011011οο, questi 00010100111110000, 010110000 000010010
00101110 11 congressu di due 0001 0111010011 Μ1110111, 0 010 000 011001
000010010 0000111 001000 11 8001010110 uranu Gutturete, 010 11
11101110 10 800000 0000010.

11 1011100010000101011 001110, 111 S. (1011101011 1101101010 00111
01 1101101101, 101 010110 0111010 Ρο11011111100110, 01 0101010110 11
8001010110 111011000110000111, 010 1101110 011, 010 101101110000,
01 01 000011100, 01 00110111 01001 11011010.

Νο0 1100000101011010 10110 11 0100010 11 10001110 Νο00110,
0001· egli 0010 0001010110 800010010, 010 1110000 101101110 00001 10
11100110 1001011 1111011000, 001010 0001000010 001010, 01110 000
1100111101 001111010, 010 0011011110111 01101001.

 

