351

lezze. 11111111111111111111, 1111 11111111 1111111111111, 11 11111111111
simili, 111111111111111 1111 111111111.

1111111111 11 111111111111 11 Spogno sigillato 11 111 1111111111
11111111011111, 11 111111111111 111111 11111 111111111111111111
, 11111 111111111111111111111 1111111111 111111111 11 1111111 111
’ 1111111111111118 1111111 11 cambio 1111111111 11 11111111111111-
1 mente 11 111111111 11 111111111 contiguo 1111111111111111 della
01111 1111111111, 11 1111111111 1111111111111, 11111 Borghesia
11111 Citii 11 arone, 1111111111111111111111111,111111111 11 1111,
1111111 11 11111 111111111, ostentate 11111 1111 11 Ρ111111111, 11111
1111 segne del splendore, 1 111111 111 111111. 111 1 11111111 11 giugno
3 111 11 molesmo paee pubblioolo‚ intuite 11 Cito, e 111111 11111 Pro-
, 111111, 111 11 1’ ultimo periodo 11111 1111,

Paeo 11111 811111111111111111 1111111111 quanto 11111111-
Ὶ giooo: 111111 guerro 1111111111, 1111111 111111111111111111 11111
l 11111111111111111111111111111, 111 11 1111111 11111111111 11111
l 11111 senza quella 1111111111. 1111 111 1101111111 1111111111 glo-
11111, quanto 111111111; contraria uelamento 11 111111 111111111 11111-
11111, 111111111111111111111111 111 11111111 11 111111111 11111111
111111111 11 1111111 religioni in 111 111111. composta 11 11111 diuerso
³ 1111111111, 111111111111Ρ11111111, 11011111 Villagi, 11111111 11
111111111111 111111 differenti. 1111111 mutini, ohe 111111111 11 guerre
1 111111 111111111111 11 111111, 11111 11111111111111111111111111
“ 111 1609, 11111 11111 1111111111111111111-1111111111, quanto
ohe 11 Ζ111111 1111 1111111111 11 modo, 111111 quella 111 11111
111111 1111111 1111 Francia 11111111111111111 111 11111111111111
molti 11111111, 1111111111111111111111111 111 11 1111111111.41 della
ᾗ 111111,111111111111111111111. Per questo gl' 01111111 11111111-
111111111111111 111 811111111 1111 11111111 111111111 quella
111 11111 Corone: 1111111 111 1111111111, 11111 11111111 1111111111-
³ seiano, 1111111 mezi uoleuoli 1 1111111111 1111111111111111111 1111
loro 11111 11111111 republica senza 11111111, 111 11011111 111111,
, 11111111111111, 111111111111 1111111 1111111111, 111111111111111
111111 1 1111111111111111111111, 11111111111111111 1111111, 11 1111111
111 gl' inuiti dei 111111111 111111, 111 111 1111111 gio 1111 111111111
111 1111111111.

Τ1111111111 11 1111111111 1111111111 11011111111111 111111111111111

1111111111111111, 11 11111111, 1 qualche 1111 agente 111111111-

 

