110

8111111101 11001. 210, 302.

81108013, 811111110 1111 81101101 1.-
98, 260.

810001, 10111011. 0010111. 226.

8110111100 (8111110101). 338.

811, 801103111011357.

8111111130 (110301. 362.

81101101110. 257.

81118101. 19, 21.

8111111001. 358.

81111111 1111111111, 1111111 110111111-
01101. 231.

’ Β111010110110,111101010 1.,10000111.
186.

81111011 Gabriel, 1311111. 8105011111-
300. 23, 89.

8111111111, Grai (8111111), 0000111.
187.

80111011, Herzog v. 37 9.

80011, 1. 0000111. 186, 380.

8010300 8111310, 0131110 30300 die
11110101. 39, 13, 83.

81110310 Ant. 01111, 0010111- Prov‘.
in 0111011101. 38, 83.

80131111. 233.

8011131101. 161.

80131100. 170.

8011111111, Herzog νζ Weinrnr. 161,
275.

80110111, 81100, 1101111011 1101 110311-
101101 81111001. 157.

801101. 65, 71, 78.

80101. 51, 51, 55.

80111101 611101, 1111111101 8108008113.
25, 87, 88, 91, 96, 106, 109, 110,
111, 116, 118. 118, 163, 229,
232, 233, 231, 278.

Bethlem Stephani, Ageni 10111311.
0111110131113100 bei 1101· Ρ10110.
219.

81111110, 01111.,11111111. 0111111101
10 Wien. 116.

811001, 110Ιο1101101 Minister 110 Wie-
ner 8010. 210, 211.

8111111111, 81111113 11 -. 88.

8110000100. 381.

8111, 00100311311101. - 366

80111000 (1. 811113 100 - J 2, 3, 8,
11, 16, 17, 18, 88, 101106, 107,
108109, 113, 121, 151, 155, 192,
209, 278, 303, 311, 315, 398191.

’ 83111101, Benene 1. 165.

8011010110 (1111110101011). 17.

8010301, 11110110 10 -. 260.

801031011, 1101111011 von Modenn in
Wien. 250, 251.

8010011. 265.

8011101οἰ, 1130010111269.

8011101011. 378.

8010100. 206.

- 8111111111011οκ.262.

8011010 1., 811111 Scipio, 11. 0011011101

1111011. 285.

81131010 1111110, 8110110100 bei 1101 re· ¹

10111011011018011011111. 211.
81131311 101ορ11 (11110111, 1111111.
01110111), 309.

81131011, 11011 8111111111. 312.
81100018113. 13, 91, 185, 225, 317,

393, 398.
—- Μ111131.1011 0011101111. 3, 8, 9,

12, 110, 281.

8111101, 11101. 1101111001 11 80111011. 300. ,

811111011013. 371.

810111011, 80111103. 219, 221, 317, 320, ,

372, 391.

81011311. 319.

81011018111111111110. 317. 373.

81011111. 98.

-81111111111 81101101 1. 150, 231. 1

81011310. 379.

81103, Herzog 101. 97.

8110100, 611111. 365·

81131111. 265. x

Brikkelrnnyer, 81101 v. Gnidegg‚ 11.
8101101. 260, 261, 263, 391, 102.

8103110. 355.

8101 110101, Dr. 296, 309, 315, 319,
352.

81111101. 312, 315, 352. 355, 358, 300.
361, 371.

81111101, 1111100111111111. 11 -. 260.

 

