336

Fol. 33, 13333333 331 3313333 13333 anche in Germania, 11133, 313 13333
3313333313, 3333 mezo ii 311 333313 333 33333333 3111333311331- ¹
33311 11 013131133111 333133 11 Tusco, 3111 3113333313333313111133 i

13 3333; 3133133313 313333311 13113 3331 13 33 3333313 quello, ohe
in 33111 3331, 31311133 3331333 3333 333331313.

Premeua Penenanda 3331333331313 Plenipontinnij de Paesi 1
13331111333133, 31 13 questo 133333313111333333333 3333313 11
313333, 313 1331133333. Si 1133113333333133333311133333133 1
entrare in 13311313 333 833333, 33 33313 310133133113 31311 131
conti-atti non 33333 33333311; 3313 3331333331 questo 1313333, 33113- ’
31133333 13 013313 131333 33333 333133 133131333 131 13333133
333311310333333, 3113113 333313313 11Ζ313313; questa, 313 333 ÷
331333 3333, 33133333, 313 33313 13333 33331333 13 33313311333,
33313313 13113313 331 3313333 33333 contumace: 31 11 3333113
Prencipe d' 0333333, 313 3331311131 3331311 11 3333113 31 133311
3331333333 13113 333113, 3331333313 33133 131 83333311 333
3333333311 grossi 333311, 31 assignationi 11 31311, 313 331 333 ¹
hanno 133313 3113113 313333.

13 3333333 finalmente 13111411 333113333 31013313311 11333133
13 333333 11 sette: 133 3133 333333333133333 13 133313313 1013313,
3333 13311 grande, 3113133333313 11 53 3333113333331 33313 33113
3331311331331, 1331133331 contribuendo tutte insieme gl'altri 47.
Haueuano cento 13133131313333 113333131333, 333 1 quali si 1331-
133333 33331 1333333333313. ’13113 13 31133 3333131331 d· 31333111, 113333,
canonae ed'altro 133333 13113 13113 3313333133313313, 31131 queste
non 3 13 3333113331, quella 1333 3331333133133 Arma, satta 33333
131333 3333313 33313 13113113331333313, 333333 Corona 3113 113313,
3131333, 33333313,11313331 311333 3333311 333 31313 3331113313. (133-
3133333 311333311 13311333313113313, 31331 111311, 3113 33331133
3133333133333 3313313 8333331133333 3333331333, 333113 tutti
3131131 13 consequentia dati: che 1111 33133 133 333313 3331313, 313 ¹
facessere, 13 reputatione 3313333131 importando 311 131 stati: Questi
andando, 3 3333313, 3 quella permanendo 33333313 medesma.

(133313133333 131133113 131 83333331133101331331, 3333 33313
33333333131311331313 131133313313 3333313 333313313 13333, 313 ³
ceder 1333333, 33313313331133313 3311113333331 d' 1333311 33113311311 i
di uenire 31 0333333333 1333 33313, 313 11133313311313 1333313 333-
cedato 113331, 313331 quello 13113 Francia medecina come 3333313

 

