1101010111, 11001, 610011010οο 1160060ος.

1 3.
1100οξ010 60000. 381.

Heinrich lv„ 1110010000 1000100100.

13136136
11οο00300. 338.
110000300100010. 347.
1100110 (10 1100100100). 338.
1100000. 222.
- Landgraf 0. 12, 164, 276, 372.
- 1100000360 0. 311,316.
1110001010161 372.
1101100ιο0000. 19.
110110103εο010 13.
11000000110001010. Gedrg, 0001 0.,
30101010100110-101016001 24.
1101Ιο001 (006 1101110600). 123, 143,
162, 206, 219, 222, 273, 276, 284.
288, 296, 300, 303, 304.

1101010110. 284, 302, 303.

Hammona, Georg 0., 10600 Curiae 0.
010001. 01υο0001001 inUngnnn. 87.

11000, 0010006. 1100000011. 304.

’ 110000103ςί0 1110010010 000 Ρο0100. 214.
3 110001, 1010. v. 600 (0001), 10110000οΙ,

186.

¹ 10000, Herzog 0. 383.
10000000, Ρο001. 342.
Infantia, 11030011000011006000. 166.

’ 1000100001. 39, 121, 241.

- - 11000 000. 318.
lpern. 377.

3 0000. 00.

1010100. 36. 63.
1101100. 1, 6, 7. 24, 26, 37, 101, 132,

166, 170, 138, 317, 319.
- Ffirsten 000. 206.
- 1100001ιο0100 11010000 10. 6.

J.

5 00οο 1. nnngnnnnn.

415

100110000000. 166.
10001100. 103,122, 146, 147, 184, 189,
203,
100000 60010010, 116013 0. Ρο10100. 272.
- Georg, Markgras 000 3100006001.
108.
- -· 11000. v. 80011000. 161.
- 11010130, Νο0000. 296.
3000011, Pater, Knpnninnr. 130, 136,
136, 138, 226.
Jnlieh. 3, 121, 372.
Julius 00000. 102.

1100001000. 103, 146, 146.
Κ10011000. 16, 66, 33, 149, 154,155,
404.
11000000. 88.
3000000011οτ Franz 61010101, 11001. 37,
187, 173, 188.
1110100οΙ 1010100010, Gr. v. Gntsehee.
126126.
11111001, 00011001. 19, 20, 24106, 106.
11111010030001000000, (1000 Lnnebnrg,
Gennrnl. 270.
11610, Stant. 274, 276, 293, 298, 393,
399.
- 0003000010. 273, 274276, 293.
-110011001101 u. 1100110001 0. 8, 3,
14, 160, 183, 274, 306, 322.
- Gebhard ’1000110000 0. waldburg,
Erzbisehof 0. 8.
1160100ωο01, 110000οΙ. 371.
11000100. 92. 33, 34, 229, 273.
11001016, 66, 164166, 263, 264, 404.
Κο0100.94.
- 9010110 000. 94.
110001001000100, 40100 1101100110411
v. 168, 169.
110000000010306, 322. .
1100101ἰο0. 164.
11000000, Herzog 0. (Eggenbnrg). 168.
11001600100. 1, 2, 7, 8, 161,166, 162,

Jngerndorf, Jnhann Georg, 11001ςο01 167180, 182, 242, 261, 278, 288,

0. 108.

294, 304, 306, 307.

 

