111

31111111111111. Ρ11111111111.378,381. carl 0111111, 911111111111111111 011111.

31111111, 111111. 72.

3111111111 11111111. 2
1111111111. 93.

Bulla, galdono. 198,191.
Burgund, 0111111111329, 339.

- Herzog. 1. 191.

’ 311311111111111111. 372.
1 3111111110111111179. ,

!
1

Baquoy, k. 0111111. 197, 198, 111,
111, 113.

.,,

0111. 263.

0111111111 (91111111), 1111111111 1.
399, 312.

- 1111111118.

01111111, 0111 1., 9111111111. 111

111111ςί1 111 81111111. 361.
01111111, 3111111111. 371.

' 0111111111,1’1111111.92.

011111 Fabio 11, 31111111111111. 81.
01111111. 279.
0111111. 298.

‚cmmmstmamu
Capella 0111, 9111111111. 381.

- 11111. 0111111111 b. d. 911111. 386.
Capi. 199.

ξοψωω.

Capo d’lstria. 263, 261.

¹ 0111111111,01111111111110111111111119

232.

, 01111101011111111 1111 7111111. 211.
1 01111111, 1111111111, 0111111111 111

11111111. 331, 383.
cardinal-lusam. 276.

' 011111. 66.

0111 111 011111. 7.

- V· 3, 13, 191, 191, 199, 132, 197,
283.

- Herzog v. Mantua. 111.

- Herzog v. Savoyen. 113, 111.

j - 3111111111. Pohlan, 31111111,

31111111. 139.

v. 8111111111). 371.

- 1111111, 3111111111 v. 9111111111
(8111111111. 0111111 8111111111).
16, 23, 113121, 122.

- 1111111111111. v. 911111. (81111 K.
3111111191). 399.

- 1111111111. 11191111. 276.

0111111113 (Alba 111111). 232.

01111, 269.

011111. 133, 136, 139, 297, 339, 317.
337, 362, 367. 396.

011111 Augustus. 7.

0111111111. ΡοΙ11. 231.

0111119111111111, Landgraf von 11111111.
161, 273, 372.

- 1111111111 111. 311, 316.

01111111111111111111,1111011111111.
183, 199, 212, 217, 229, 221, 2221
227, 219, 233, 231, 271, 399.

0113811111, 31111 v. 28.

011111 Rodrigo, 9111111111, 11111101-
11111-0111111111111131111111. 227,
297, 299, 399, 313, 392196.

0111111111. 311, 339, 312, 313, 313,
317, 337, 367, 363, 377.

01111111, Abgesandtar 1111111111111
1. 1111111111 nach Wian. 239.

0111111, 81111. 372.

Chaa, Gross-, 11171111111. 91, 92,
96, 239 276.

0111111. 66.

0111111111, 339, 373.

01111111. 0111111. 111.

chiggi Fabius, pahstl. Legatin 11111111,
297, 298, 313, 333.

0111111, 0111 Μ111. Antonio. Verone-
11111111 1111111111 111 111 3111111111
7111111. 211·

01111111, Kapuzinar. 283.

011111, 911111111111113111 von Sae-
land. 319.

0111111. 93.

christina, Kssnigin von Sehwedan. 371, -

373.
01111, coadjutor. 361.

 

