8611161, 6661 6. 165.

861166166. 17, 97, 105, 106107, 113,
115, 156, 168, 230, 303,101.

8616661661, 1661666 6. 319.

8616611666, 1166661611. 317.

86166111 (861116), 1616116611661 161
166 916616. 228.

8616666661666,866111666.182, 281.

8616666666 11666. 229.

86166166. 1821111199, 231, 273,
293, 291, 302, 303, 301, 310, 316,
317, 318, 319, 320, 393.

- 116616 6. 111, 112, 113,118,151,
161,163,161, 165, 168, 169, 207,
291.

- 16611661 v. 319.

86166616. 28, 162.

86166616, 31611666. 371.

8611661661. 379.

866166. 57, 65, 71.

8661661, 9666166. 319, 351.

816166166666. 163. 232, 398.

- 111661 6. 165, 175, 218.
8166166-966616. 89, 92, 95.
8666666116, 1616166166. 21.

8666166, 6661, 1666616. 1166661166. 112,
113, 298, 396, 393, 312, 313, 313,
311, 315, 316, 319, 350, 352, 368,
371.

8161661661, 111616 6. 961166. 87, 229.

8166666,11666616(16611’61661611) 91 .

8166616 wilhelm, 6661 6. 166, 187.

861166, 66661. 116611661 (1) 390.

86611. 165.

8661616. 91.

8666166 (661 8666166). 13, 15, 27, 17,
19,101,101,107, 199, 122, 123,
125173, 196, 197, 198, 199, 201,
267, 222, 291, 295, 299, 369, 309,
311, 313, 315, 318, 319.

- 111616 6. (161161). 12, 15, 23, 21,
25, 26, 27, 28, 105, 117, 123166,
227,287.

- 1111616166. 367.

866166, 81611616. 372.

8611161666, Ort. 213, 290.

121

8611161666, 11661 111666 6. 213, 290.
8616616 666666, 666 1666166. 211.
8616616. 111,

8161666661. 16, 119,151, 151101.

81616661. 319.

8166660666. 306, 322.

8161116, 81611. 371.

Suis, 36666 16,11611666661611116616·
nant. 186.

8611661661166166. 25, 26. 29, 116, 118,
156, 165, 201, 218, 221, 229, 230,
232, 233, 231, 202, 273, 287.

8661. 393.

8661666. 319, 872.

8666, (1666666666 666. 361.

86611666 (86616666). 88.

8666161 1161666. 219, 232.

Τ.

Τ6166. 311.

- 8166161. 310.

16116, 86666116 166 66661. 1161661611.
291.

1661666616. 213.

Τ6166, 6666661-1166661 16 3666166161.
376.

1661661161, 16661 166 (166661666666
6661666666 210.

1616156.

’1616666 (661 Τ616661). 89, 90, 91, 92,
95130.

1611661661, wilh. 1666611661 6.,
9611611661 166 1666636166. 1161-
16166666116. 103.

’16616 (1661), 1116161616, 61616. Ge-
66661. 187.

Τ6666. 122.

16666666. 89, 283.

- Pascha 666. 89.

Tomenta, 11661666 11 (161 166
66661661. 1661616). 137.

Temnon, 1166661166. 390.

166661, 66616. (1166666666). 50.

16661. 361.

 

