111 ›

01011811111, 01111101 01110111·
1111. 91.

1113111111. 200, ,

0111111, 01111 111 811111101311.
231, 232, 233, 231, 312.

01111 11 011111. 01.

011111113, 81110111. 371.

0131111113, u. 011101113 11 -. 2, 1,
110, 130110, 100, 180, 282, 292,
300,107.

. —- 0111113111. 111, 113, 308.

013311. 0.

01331111. 373.

0111111011111. 107, 278, 301.

- 3111111111. 3, 1, 9, 163.

- 111111. 1, 9, 291.

- 111111111111101. 1, 3,1,10,101.

- 1111111101.1,1, 163.

0111010111110. 10.

011101111011, 11111. 1, 7, 10, 12, 118,
103, 197, 220, 301.

’ 0111011131, 1031111111. 7.

011111. 378.

0111, 1111110111 111 81011011. 183.

01111111, 00101 111. 122.

01111. 111, 210, 300, 320103.

0111111111. 98.

00111, 1110111111 111 - 322.

Rhodus. 92.

011011111, cardinal. 130, 107, 219,
231, 210, 270, 309.

01111113, 0111 1., k. General. 186.

0111111(Α1111101111). 378, 382.

00, 1131111011 0111110111. 101.

011111 (huprecht) 111 01101111. 280.

111011, Herzog von. 130.

0111111. 271.

01111111, cardinal-Legat. 297.

01111,11111111111111 01110111 110111.
202, 203.

0111111, 01111111 110 011111 011011-
11111 01111111. 202.

011111101111, 81111111. 301.

0111111. 122.

undolf 11,, 1111111. 1, 2, 12, 21, 26,

121, 280.

0111. 382.

011311. 371.

01111111 (0111112), 111 01101111.
272, 286.

01111, 8111111. 280.

01111110. 230. Ι

S.

81111011, 011 01131 de. 207, 309.

8111111111. 90.

81111101, 0111110111 011811110111131
111Τ111111 201.

8110111. 98, 110, 180, 180, 186, 220,
393. .

- Herzog u. 1111101111. 2, 8, 11,
110, 111, 113, 101, 187, 270, 283,
310, 371,

- 11 811111101311. 90.

8131101. 363.

- 01111111. 210.

81111 Friedrich, 01111. 161.

8111111, 111110. 0111110111. 371.

81110113, 0111111111 111. 9, 310.

- 0110111011. 371.

8110111111, 8111111111. 00.

8111181110, 01101111011113113. 377.

- 111111 111 011 1111111111. 121.

8111131111 (81111 0111111), (11111. 289.

811101011111, 0111111. 011 011 venet.
01111110, 211.

8111111, 81111111 011 11111. 1111111111.
210, 271.

8111111 0111 01, k. General. 187, 220. ,

- 011111, 011. 1111110111 in 0111. 116.

8111111. 260.

8111111. 27, 118, 130130130, 171,
201, 288, 301, 373, 300.

- 1111113 v. 27, 118,113,111, 117, '
171, 181.

- Madame von. 270.

- 011111 111, Thomu. 187, 210.
811111, 0111131. 00. ,
81111111101110111111,111 011 11111.

01111010. 120.

 

