300

stodilo deputatione de loro ministri 333 11’03333333333333313; 3111
31311 3313331 313331333333 33113 inclinati 1333333333331111331-
tati, 11 3333133313133313 essendo 333113 131333333113 33111 13333131
31311311 13113 guerro 13 3313, 313 13333 333333131113333, 3111
meglio 33113 3331311311331 3113 Armate 33333113333313, 333 1333333
331013 3331333331, 31131 1333313 1133111333 331 13333 3333113333
33 13331313 333 3333333 13 3333 1113111 oooid 3331313333, 133113333,
31333333 quello 313 3333333333.

133333333313 quoi tempi alcuni altri 3333113331111 33313331 31
partito contrario, perche 3111311 3113333 131 133133333131333313, 11
Duco d'Anghien 1333 Prenoipe di 0331131333331111113313331τ 331333
3313333 11 1333333, 333 3333133113 1133333 331 Reno, 313331 133· ,
3131 oon 13 presa di 033333331.

033311 333113311 1131333 3311133 31 33 311333333313 131
11333331333, 311333 111331333 33113 01111 11 Lindo, 1333 131 13 j
31133 3333 sd 313331313, 313 1 Imperatore 333 3333133333 133313333,
313 31 11311331 13333131, 3 313111311 1333313 mandassem suoi
13331311 31 0333333333333331311 1333133, 3103331333, 31 qual ⁴
3113113 11313333 11333 111331333 33311131133 11 0313313 333133-
13113, 313333333 333 33333111 111313, 311133333 311· 133113 13113 3
Corone: in ordine 133331333113311333311 3333333 103331333 311 ἶ
nominato Ambae. 131 031333131131133313 031131133 111333133, 33313
11 03313 11 Walohenstein 331113 11 133313313331, 333 11 0313331
133111311331 1331331331 13 03331333. Ν33131 1· 1313333 1133133311
1331311133133 333 111313 1131311, 3 1133133133113111 33333111- Α
331333, 31 33313 33313333133 11311331 311· 333 1311333333, 333 111313
11 13331311, 333 333 3331313113 11333133, l· altro 13 03331333. 033313 .
33333313 1111331333 13331 33113333 333311313 13131113131131 1131- 1
ἴ1331 13333131, 3 31311, 3333 333333313 13 33113 011111333313, 33311- ε
3113333313 1133331133, Ν333313331,13331331,113331311 13113 quali
comparuere i primi 31 Congo-esso. i

131133 33313 13311313 1 Lino 11, 3131333313 33311333 31 Coo· 1
333333 11 3313111 Μ13131311131133311, 1333333 11333331333 3333311333 ³
133311133133133113311 11133113311 3333 133113333313 31133 033333 1
13331313 033333 331333 333 331333333 333 questo 33333313 negor ³
1333 13311333313 3331, 333133 33113 11313, 333 33313133333333313333-
3333 11 033333, 31 1331’11311331,333 331113, 313 3113333313111331- 1
1333333333 3333 1113333331131133311, 3333 3111311331 3333 Pren- '

 

 

 

