345

Per 101 00111001110 1 80111011 00111 101 1101010000 anche 11
Β111; 0111 1Β11000110000100111111100111111010 1 000101 11011100, 0
001 0011011101111000, 1010 001 100010 11 00000110 180111011 gli 1000
0100 0011011010 intendere, 010 1000110 11011010 001 111 10110 0000 111
10 110 Corone: 111 Seruient accertcsi cell· artilicio protestis allePrnuin-
010, 0100110110 11 Brun, egli saria 0011110, 01 01Β1111000110001101,
che 111110101, 0 1010111010 01 101010 1101101 10110 0000 111110 110
Corone: 0110 10 Ρ10111010 001 011101 quelche 00011010 11 0100110 0000
100010 destramente 0100010 11 Brun di 101 capitae all'Haya‚ 00110
. 000111 0111 111 1101011011 00110 01010010 11 curiositas, 0 11 11 1110111
1 11110101. 1110110 10 Ρ10111010 d' 010110 01 1100110110011010111100-
11010 10110 0000001 800010, 10 01110 Prouincic 10101010 1111010001
Francia prima 11 ratificare: 1010110 11000111 1010011111111000110
campagnes 11 1000110110, 10 01110 Ρ10111010 01 01 0101011010 011110010 fin

10110, 010 00011000 11 cambia 10110101110011011; 0110101 1101001010 Α

0011101011 00010001110 0100 11 (0101101100 10110 merle 101 Ρ1010100
1 0101000,11 011101111010 10110 011010001110111100100011 quanti
01010 01011 11 quella 0101 0000.

Succedete 01 Ρο110 11 10111010 (1101101110 11 0000 0111111110, 11
1000110 0000110110, 01 0000 0100111 11011 0100 11 Ρ1010100 1000110 11
Cende, che uctana nel sensa 11 Francia per 10 0000, 00110 11 10111010

ἒ 00110 01011010110000110; 0100000010 01010 100 01111 000110111. 11110
¹ 111 1100000100111101111010110101 Marchese delle Genea, 0011001111-

11010 1011111010 11110111, 010 1000011010. 1101110 1” 0011010 11 Pcr-
tnlcngcnc‚ 0 Picrnbinu 10110 101 Francesi.

Per ammendue questi successi succeduto (00110 01 110110) 010
10 Francia uclessc 10 0011110101101 10110 guerra, 001 impedire 10
1110110 11 (1011010010, delle 01011 10000 11 00000100 11 1101110 01111-

1111010, 001 0100101110 01· aquisti 11 110110, 0 101101101 001 011 0011011 , s

nicini 1111010010 10 001101011011 0111010 nascenti 101 Regna di

Napcli. Τ11110011 10100101101101000111011 1011010 101 1647 00011101

Μο11010111110111110110 11 0000 001110 800010 11 66 articuli.
1100101011 0000 00010000 11 001110000010 001 11 01110 instru·

η ruente 11111010 00001010 11 211 0011 01110011; 11100111 010101110, 11

011 01010111010 degnamente 11 Ρο00, 0 10110011 001101101101011, 0
10 stesso 110101101010110 010101111010001, 010 1101010 11 1010110111-
mento 00110010101110. 11οο00 1011 1001010010 00011111011 11 Brun
0111 11 0010111101 00110 0101001011 0011001001101 quel 0010100οο ;

 

