112

0111111, 01111111111281, 192, 199,
201.

01111. 9, 19,12, 13, 121, 281.

01111111. 372. -

010111101111111110111. 107, 111,117,
159, 198.

01011111, Hieronymus 01111. 52.

- 0111, 111 1111311111. 01111111-
1111101111111111. 186.

- 11111111, 0111 111, k. Genera! und
11111. commissae. 1018, 51, 58,
59, 60, 63, 79, 71, 72, 76, 77, 78.

. k. 1111111111111186, 102.

0111111111. 119.

01111111. 17, 156.

Cende, 911111, det 111111. 297, 315.

- Ρ1111 v. 306, 313, 322, 360,
377, 378, 379, 380,

0111111111 coadjutor. 361. ’

01111111, 1031111111. 306.

0111111111 (111 011111). 102.

01111111111111. 92, 93, 102, 229.

- 1111111111 111 93,

01111111. 228.

0111111111, 1111111111. 0111111111 11
Regenshurg. 1.

- Ρ11111. 1. 0111111111. 39.
- 1111111 (11 1111111111) 1., 011111-
111 in Frankreieh. 130,138.
- 1. 0111111111111011111. 293, 295,
372.
- 1111111, 0111111. 1111111. 179.
- 111111111(111111 des 1111111) 81.
- 1111111, 11111. 0111111111. 57,
62, 71, 83.
0111111, Prqeur'. 270.
011111 1111111, 111 111 11111. 011-
1111111111 11111. 121, 176.
- 1111111111 11 1111111111. 222,
275,
0111111111. Lehen. 0, 21.
01111111. 319, 377.

0111101. 111111, 3111111111111, 290,
310.

01111111, 81111. 383.

0111111111. 30, 36, 63.

0111, stadt. 371.

0111110111. 9111111111111111. 338.

0111111111. 307, 309.

- 1111113 1. 109, 119118, 168, 181,

276, 281, 293, 291, 302, 303, 391.

0111111.ι 97, 303.

0111111111111, 01111111 v., 0111111111
0111011. 110, 156, 173.

- Max. Ferst v. 190.

0131111111. 110.

01111111. 91, 92, 93.

01111111. 92.

01111111. 911,

91111 Andreas, 0111111-0111111 11 ι
9111011111. 88.

0111, 111111111111111. 297.

011111 0111111111, 1111111111 111 111
0111111111. 176.

0111111111, Pater 111 11111111111011-
1111111. 116,

011111 01111111. 112, 362.

011111. 210, 193. “

011111, 0111111111. 361, 3611.

0111111111. 319, 311, 313.

011111 Ρ11111. 362.

Ε.

Eberhard 111, Herzog 11111111111111.
212.

011111111111 Wien. 211.

0111131111111111, 1111. Rath 111
111 11111. 111111111861. 38, 18,
19, 50, 51.

1111111, 01111(111Ρ1111111). 339, 367,
368.

Egg, 01111 1.,011111111111 11 1111111,
0111111111 11111111. 19, 51, 57, 118.
59, 60, 61, 80.

Eggenherg 1110111111. v. (1111
Feret), 1111111111011111111 11. 78,
117, 1211120115, 117, 152, 117,

⁸ 158,172,181,281, ’

 

